-1.000 -1.000 -1.000
-0.240 -1.000 -0.240
-1.000 -1.000  0.000
-0.347 -1.000  0.347
-1.000 -1.000  1.000
-0.517 -0.517 -0.230
-0.559 -0.559  0.357
-0.122 -0.624  0.122
-0.399 -0.598  0.052
-0.152 -0.472 -0.152
-0.270 -0.523  0.270
-0.254 -0.254 -0.254
-0.336 -0.336  0.336
-0.325 -0.325 -0.020
-0.376 -0.376  0.180
 0.000 -0.388  0.000
-0.210 -0.398  0.099
-0.224 -0.316  0.224
-0.127 -0.269  0.127
-0.158 -0.263 -0.027
-0.200 -0.200  0.200
-0.258 -0.258  0.115
-0.115 -0.115 -0.115
 0.000 -0.214  0.000
-0.150 -0.150  0.061
 0.000  0.000  0.000
 1.000 -1.000  1.000
 0.240 -1.000  0.240
 0.000 -1.000  1.000
 0.230 -0.517  0.517
-0.357 -0.559  0.559
-0.052 -0.598  0.399
 0.152 -0.472  0.152
 0.254 -0.254  0.254
 0.020 -0.325  0.325
-0.180 -0.376  0.376
-0.099 -0.398  0.210
 0.027 -0.263  0.158
-0.115 -0.258  0.258
 0.115 -0.115  0.115
-0.061 -0.150  0.150
 0.000 -1.000 -1.000
 0.347 -1.000 -0.347
 1.000 -1.000 -1.000
-0.230 -0.517 -0.517
 0.357 -0.559 -0.559
 0.122 -0.624 -0.122
 0.052 -0.598 -0.399
 0.270 -0.523 -0.270
 0.336 -0.336 -0.336
-0.020 -0.325 -0.325
 0.180 -0.376 -0.376
 0.099 -0.398 -0.210
 0.224 -0.316 -0.224
 0.127 -0.269 -0.127
-0.027 -0.263 -0.158
 0.200 -0.200 -0.200
 0.115 -0.258 -0.258
 0.061 -0.150 -0.150
 1.000 -1.000  0.000
 0.517 -0.517  0.230
 0.559 -0.559 -0.357
 0.399 -0.598 -0.052
 0.325 -0.325  0.020
 0.376 -0.376 -0.180
 0.210 -0.398 -0.099
 0.158 -0.263  0.027
 0.258 -0.258 -0.115
 0.150 -0.150 -0.061
 1.000  1.000 -1.000
 0.240  1.000 -0.240
 1.000  1.000  0.000
 0.347  1.000  0.347
 1.000  1.000  1.000
 0.517  0.517 -0.230
 0.559  0.559  0.357
 0.122  0.624  0.122
 0.399  0.598  0.052
 0.152  0.472 -0.152
 0.270  0.523  0.270
 0.254  0.254 -0.254
 0.336  0.336  0.336
 0.325  0.325 -0.020
 0.376  0.376  0.180
 0.000  0.388  0.000
 0.210  0.398  0.099
 0.224  0.316  0.224
 0.127  0.269  0.127
 0.158  0.263 -0.027
 0.200  0.200  0.200
 0.258  0.258  0.115
 0.115  0.115 -0.115
 0.000  0.214  0.000
 0.150  0.150  0.061
-1.000  1.000  1.000
-0.240  1.000  0.240
 0.000  1.000  1.000
-0.230  0.517  0.517
 0.357  0.559  0.559
 0.052  0.598  0.399
-0.152  0.472  0.152
-0.254  0.254  0.254
-0.020  0.325  0.325
 0.180  0.376  0.376
 0.099  0.398  0.210
-0.027  0.263  0.158
 0.115  0.258  0.258
-0.115  0.115  0.115
 0.061  0.150  0.150
 0.000  1.000 -1.000
-0.347  1.000 -0.347
-1.000  1.000 -1.000
 0.230  0.517 -0.517
-0.357  0.559 -0.559
-0.122  0.624 -0.122
-0.052  0.598 -0.399
-0.270  0.523 -0.270
-0.336  0.336 -0.336
 0.020  0.325 -0.325
-0.180  0.376 -0.376
-0.099  0.398 -0.210
-0.224  0.316 -0.224
-0.127  0.269 -0.127
 0.027  0.263 -0.158
-0.200  0.200 -0.200
-0.115  0.258 -0.258
-0.061  0.150 -0.150
-1.000  1.000  0.000
-0.517  0.517  0.230
-0.559  0.559 -0.357
-0.399  0.598 -0.052
-0.325  0.325  0.020
-0.376  0.376 -0.180
-0.210  0.398 -0.099
-0.158  0.263  0.027
-0.258  0.258 -0.115
-0.150  0.150 -0.061
-1.000 -0.240 -0.240
-1.000  0.000 -1.000
-1.000  0.347 -0.347
-0.517 -0.230 -0.517
-0.559  0.357 -0.559
-0.624  0.122 -0.122
-0.598  0.052 -0.399
-0.472 -0.152 -0.152
-0.523  0.270 -0.270
-0.325 -0.020 -0.325
-0.376  0.180 -0.376
-0.388  0.000  0.000
-0.398  0.099 -0.210
-0.316  0.224 -0.224
-0.269  0.127 -0.127
-0.263 -0.027 -0.158
-0.258  0.115 -0.258
-0.214  0.000  0.000
-0.150  0.061 -0.150
-1.000  0.240  0.240
-0.598  0.399 -0.052
-0.472  0.152  0.152
-0.398  0.210 -0.099
-0.263  0.158  0.027
-1.000 -0.347  0.347
-0.624 -0.122  0.122
-0.598 -0.399  0.052
-0.523 -0.270  0.270
-0.398 -0.210  0.099
-0.316 -0.224  0.224
-0.269 -0.127  0.127
-0.263 -0.158 -0.027
-1.000  0.000  1.000
-0.517  0.230  0.517
-0.559 -0.357  0.559
-0.598 -0.052  0.399
-0.325  0.020  0.325
-0.376 -0.180  0.376
-0.398 -0.099  0.210
-0.263  0.027  0.158
-0.258 -0.115  0.258
-0.150 -0.061  0.150
 1.000 -0.240  0.240
 1.000  0.000  1.000
 1.000  0.347  0.347
 0.517 -0.230  0.517
 0.559  0.357  0.559
 0.624  0.122  0.122
 0.598  0.052  0.399
 0.472 -0.152  0.152
 0.523  0.270  0.270
 0.325 -0.020  0.325
 0.376  0.180  0.376
 0.388  0.000  0.000
 0.398  0.099  0.210
 0.316  0.224  0.224
 0.269  0.127  0.127
 0.263 -0.027  0.158
 0.258  0.115  0.258
 0.214  0.000  0.000
 0.150  0.061  0.150
 1.000  0.240 -0.240
 0.598  0.399  0.052
 0.472  0.152 -0.152
 0.398  0.210  0.099
 0.263  0.158 -0.027
 1.000 -0.347 -0.347
 0.624 -0.122 -0.122
 0.598 -0.399 -0.052
 0.523 -0.270 -0.270
 0.398 -0.210 -0.099
 0.316 -0.224 -0.224
 0.269 -0.127 -0.127
 0.263 -0.158  0.027
 1.000  0.000 -1.000
 0.517  0.230 -0.517
 0.559 -0.357 -0.559
 0.598 -0.052 -0.399
 0.325  0.020 -0.325
 0.376 -0.180 -0.376
 0.398 -0.099 -0.210
 0.263  0.027 -0.158
 0.258 -0.115 -0.258
 0.150 -0.061 -0.150
-0.240 -0.240 -1.000
 0.347 -0.347 -1.000
 0.122 -0.122 -0.624
 0.052 -0.399 -0.598
-0.152 -0.152 -0.472
 0.270 -0.270 -0.523
 0.000  0.000 -0.388
 0.099 -0.210 -0.398
 0.224 -0.224 -0.316
 0.127 -0.127 -0.269
-0.027 -0.158 -0.263
 0.000  0.000 -0.214
 0.240  0.240 -1.000
 0.399 -0.052 -0.598
 0.152  0.152 -0.472
 0.210 -0.099 -0.398
 0.158  0.027 -0.263
-0.347  0.347 -1.000
-0.122  0.122 -0.624
-0.399  0.052 -0.598
-0.270  0.270 -0.523
-0.210  0.099 -0.398
-0.224  0.224 -0.316
-0.127  0.127 -0.269
-0.158 -0.027 -0.263
-0.052  0.399 -0.598
-0.099  0.210 -0.398
 0.027  0.158 -0.263
-0.240  0.240  1.000
 0.347  0.347  1.000
 0.122  0.122  0.624
 0.052  0.399  0.598
-0.152  0.152  0.472
 0.270  0.270  0.523
 0.000  0.000  0.388
 0.099  0.210  0.398
 0.224  0.224  0.316
 0.127  0.127  0.269
-0.027  0.158  0.263
 0.000  0.000  0.214
 0.240 -0.240  1.000
 0.399  0.052  0.598
 0.152 -0.152  0.472
 0.210  0.099  0.398
 0.158 -0.027  0.263
-0.347 -0.347  1.000
-0.122 -0.122  0.624
-0.399 -0.052  0.598
-0.270 -0.270  0.523
-0.210 -0.099  0.398
-0.224 -0.224  0.316
-0.127 -0.127  0.269
-0.158  0.027  0.263
-0.052 -0.399  0.598
-0.099 -0.210  0.398
 0.027 -0.158  0.263
